time,x,y,z,phi,theta,psi,x_velocity,y_velocity,z_velocity,phi_velocity,theta_velocity,psi_velocity,rotor_speed1,rotor_speed2,rotor_speed3,rotor_speed4
0.06,-8.392480898263173e-07,4.270651528618891e-07,10.004805043033292,0.0003517685437905982,0.000598634956979538,0.0,-6.686306108683042e-05,3.5985213340546484e-05,0.16015839063633475,0.015568978296420469,0.02480477514305794,0.0,454.89948287156096,456.8810090324787,454.66135047027245,455.9067039524341
0.12000000000000001,-2.425898130305718e-05,1.424924295056292e-05,10.018832250566668,0.0013711623155590047,0.002200399893360405,0.0,-0.0008824556529785979,0.0005313671614334766,0.30738608803142975,0.0196900462847878,0.030232660078343614,0.0,452.19906990294106,452.6361679572289,450.77147254080575,451.1042304092113
0.18,-0.00013013036458675684,7.887480231067785e-05,10.04021502336662,0.0025458172100112364,0.004559477850517801,0.0,-0.0028631701960960187,0.0017425839585614488,0.40534187709767705,0.019351717169834172,0.053119682666262866,0.0,435.1457016213964,437.05785665561757,436.6470347314466,436.61878442959807
0.23999999999999996,-0.00039804976702535576,0.00023512359670575605,10.065417998674121,0.004175810049445339,0.00831662804883937,0.0,-0.006389634311798303,0.0035965190272854064,0.4347440558961616,0.03943359232831655,0.07689883696183304,0.0,413.0916902183287,415.1859295203042,413.1384591627236,414.9052617545653
0.3,-0.0009713637533028965,0.0005466104314082196,10.094562720889597,0.006657073532214675,0.012797380328612107,0.0,-0.013186057371672591,0.007034344572973952,0.5366978879060718,0.044942107884380175,0.06982573729111109,0.0,439.1209389980626,438.5383324772963,436.4348512721012,436.895240860623
0.36000000000000004,-0.0020470986908697583,0.0011187126577611693,10.130076107969725,0.009318709865534736,0.01685536438647972,0.0,-0.023098409660057072,0.012312679703726067,0.6470168895281179,0.043171844309724,0.06284388487442803,0.0,440.62163162930665,440.0476113799135,440.75518935217144,440.6100207856057
0.4200000000000001,-0.003953952324419826,0.0021491006476861666,10.180919777244648,0.012375213922934059,0.020435045341284486,0.0,-0.04099824348465883,0.022449193676275788,1.0474792462462184,0.06315070038181958,0.0523882348683082,0.0,524.2569750037524,523.5319888703971,523.7544077520622,525.1430540689183
0.48000000000000015,-0.006836307814642341,0.0037588884250889967,10.246200099500603,0.016298135319385842,0.02371385765203371,0.0,-0.05539758096937121,0.031592061353317887,1.1284421101284308,0.06950600426965617,0.05881793990006009,0.0,431.48737129685793,432.0318561368223,431.98520549556565,432.5239949982869
0.5400000000000001,-0.010756724683833464,0.006072288244569926,10.320696527969861,0.019929614398948914,0.027671711585076864,0.0,-0.0757324237812549,0.04600434504074235,1.3545109866743639,0.028689939993001626,0.077379692385253,0.0,476.4601768420597,477.8798257363383,477.5904204711794,474.4694683067305
0.6000000000000002,-0.015825899480490385,0.009205081991155335,10.402702034728499,0.021746850271991747,0.03247978386639705,0.0,-0.09366906761190519,0.0585819983909174,1.3789594900152506,0.0333039466175032,0.08513923964093875,0.0,413.47585335246055,414.16449432307553,414.45236403341636,414.85802873351867
0.6600000000000003,-0.022186294775056903,0.013209734810212936,10.489900056687935,0.024151247235963957,0.03790690978863154,0.0,-0.11891509914094153,0.07514483751595434,1.5274271929389465,0.050999498519491565,0.09938089198999847,0.0,454.204745123346,455.35193233148675,452.6777672163657,454.10011050452755
0.7200000000000003,-0.03017373008895478,0.018258189114935982,10.58571348358212,0.02743509992127624,0.043380199734825986,0.0,-0.14795215014487406,0.09347398866882031,1.6661249895529395,0.061305781752056476,0.06515898380705648,0.0,453.249212473774,450.49710674027534,450.8154043478768,451.6492670884226
0.7800000000000004,-0.04007368615513746,0.024517879256619916,10.691186427853944,0.030995317475168704,0.04700241613510148,0.0,-0.18246780752895855,0.11558769076301448,1.849326016626228,0.05507788848535122,0.04847925288441826,0.0,466.4600047167704,465.15807926304876,465.53985164473386,465.05461876690737
0.8400000000000004,-0.052098545280783615,0.03216793525822815,10.807102270064627,0.03421383385225507,0.049580380528975176,0.0,-0.21865830538606595,0.13976864021399335,2.0142275014744278,0.05060441850420027,0.028674976592951654,0.0,462.3186129858411,460.7565723069873,460.0502144575238,459.6976843623174
0.9000000000000005,-0.06637888444117096,0.04136075758949422,10.933494610818421,0.03712594487436416,0.052008392326116315,0.0,-0.2575824339236844,0.16698677997460035,2.1984833891445477,0.044038975198299364,0.05724427208444417,0.0,466.0532637403647,468.28148091164866,467.41974787431695,466.90915865744336
0.9600000000000005,-0.08297414961451006,0.05219281734476841,11.069356162431115,0.03958807327448444,0.05515629607444161,0.0,-0.2959340966730417,0.19434354589670616,2.3299389518794564,0.034228128620643665,0.04060293233164056,0.0,452.74457401382574,451.40541830458295,452.1623427680068,451.372157984779
1.0200000000000005,-0.10180595915506667,0.06462440776185728,11.210784846353656,0.04166483651141473,0.057338725428920156,0.0,-0.3320098539222623,0.22023336923417777,2.384210351715955,0.035370856380317534,0.02618565323023899,0.0,429.0890759323187,427.8640672747641,427.61570729667005,427.7135932640644
1.0800000000000005,-0.12322127981281364,0.0789270786755541,11.362038145621547,0.04445225584407364,0.058605006021339,0.0,-0.38198615104814504,0.25681624659824365,2.656936054669581,0.06249356106589524,0.00826846154069158,0.0,495.8634225093878,494.5454577834175,492.78831177090836,494.7900312497622
1.1400000000000006,-0.14755834796497394,0.09542236511308144,11.527859341185685,0.04824525379405298,0.05930640948503729,0.0,-0.42929373785857927,0.2934494184552136,2.869888222531998,0.06462428114860139,0.017779407621382724,0.0,478.5918217164162,479.3150338814867,478.1735820082398,478.33845885282034
1.2000000000000006,-0.17478301928056802,0.11423139007219696,11.706945073106857,0.051702800762792656,0.06021805998520513,0.0,-0.4782829706055723,0.333938094391469,3.0989967117114086,0.037508947309618824,0.009445058503196666,0.0,484.85740830636166,484.2307397483151,485.2972670100126,483.2595692155262
1.2600000000000007,-0.20473777844830562,0.13534737466654392,11.895944898216776,0.054150752611206165,0.061637548543012954,0.0,-0.5203061375261325,0.3701514793249256,3.2006829092397027,0.04667753349482932,0.042807096479151645,0.0,445.9339084115177,448.6509786884135,447.25012373965814,447.99710897113897
1.3200000000000007,-0.23702732549394745,0.15849217583506628,12.087457299955243,0.05661813853657627,0.06402919034424936,0.0,-0.5562287843591164,0.4015667640716032,3.1830725698808604,0.02668795364515965,0.03320054687435453,0.0,410.1889116444412,409.33582575505886,409.48679215202276,407.7056324357871
1.3800000000000008,-0.2716901906088943,0.18371810588880308,12.280663059584196,0.05916509507913492,0.06593316144570416,0.0,-0.5993815604772886,0.4394957460597636,3.2568681297598707,0.06298613112789392,0.02862346026234972,0.0,440.1849134022497,439.8063425745212,437.14637941198106,440.16161581829283
1.4400000000000008,-0.3093936092105189,0.21164931958691435,12.484512845728958,0.0625880458482575,0.06753288659184964,0.0,-0.6575615281995584,0.49195845551738254,3.5372263405829316,0.04124035009528614,0.022419112927568055,0.0,501.84314909901906,501.39266057680106,501.936845469762,500.35795029489583
1.5000000000000009,-0.3505569248012506,0.2427442392899375,12.704117586619756,0.06454287506447542,0.0686478938526367,0.0,-0.7146536922529995,0.5447719414846413,3.7820926638580414,0.0032157569416888104,0.009527772097554909,0.0,494.06312208105754,493.11162503902875,494.05700940203087,491.2456217043383
1.560000000000001,-0.39503466914100605,0.27691707640015895,12.936427881222885,0.06492169498560685,0.06900590118758654,0.0,-0.7679556374109257,0.5943100962083707,3.960945909998342,0.011883633328388276,-0.0023266128403510635,0.0,476.14612493042097,475.2382245579633,475.26493929114275,475.92876205593944
1.620000000000001,-0.4425497710060762,0.3139145803391766,13.177047722903392,0.06591401302646194,0.06879909125602435,0.0,-0.8158462677652515,0.6389992264148062,4.059340394796956,0.024517997317334464,-0.005787215937790932,0.0,452.99124317760794,452.71292410296275,451.88471041857173,452.90202159721343
1.680000000000001,-0.4926953266473059,0.3533851862375438,13.420095986280169,0.06715088262092994,0.0684055993340511,0.0,-0.8556529170199392,0.6768012952736613,4.042303715708541,0.011367047761594395,-0.008146602078952831,0.0,417.00282348262704,416.79675328875516,415.93801531321856,414.78459157401545
1.740000000000001,-0.545379552965826,0.39529442043831436,13.664387152720577,0.06797892222377122,0.06807654011842335,0.0,-0.9004432112058496,0.7202244028006689,4.100501300154386,0.018270593844599798,-0.0006303293814869672,0.0,440.22928173667606,440.850922873803,440.58819886314205,441.15853795650895
1.8000000000000012,-0.60069675089924,0.43977392006221194,13.911414729300168,0.0692922317308442,0.06764832640754825,0.0,-0.9434470803109821,0.7625212428587826,4.133600939886845,0.02828746712483183,-0.025167527981138034,0.0,433.84462016891837,431.77936710030957,433.0695395770964,433.91137775365985
1.8600000000000012,-0.65848562335015,0.48671592504735767,14.158980886567253,0.07138600571756637,0.0662892608996648,0.0,-0.9827416099960204,0.80237212835815,4.118635923600406,0.04561055040285821,-0.018041882768798027,0.0,416.89894792501553,417.52108009312764,417.24729362528825,418.7576537010897
1.9200000000000013,-0.7192168835863523,0.536742696434844,14.41475673481522,0.07376593851423774,0.06512997429883693,0.0,-1.041427209567435,0.8654379412234794,4.406099282626222,0.023823299352907598,-0.022011710264014567,0.0,508.5716278993102,508.28728255875114,510.8153121086728,509.25972074613253
1.9800000000000013,-0.7832702716204137,0.5904151130376586,14.68517039028619,0.07526858396281355,0.06374298016910807,0.0,-1.0934870252594622,0.9237452416373304,4.606858145254697,0.027379966941944403,-0.025423019635516648,0.0,486.9425237559053,486.68724906920335,486.92100955096186,487.1870770220349
2.0400000000000014,-0.8503588241700706,0.6475526935107816,14.96672877739628,0.07665211657227022,0.06207015669258009,0.0,-1.1425861576389638,0.9809492326744262,4.777681613601985,0.012596411185748297,-0.03331312046557581,0.0,479.3394395665391,478.7392557967011,481.259859778067,480.1394694008449
2.1000000000000014,-0.9201597205869569,0.7079034693273022,15.25534973601116,0.07735436969845821,0.06081887149196863,0.0,-1.1839565030036658,1.030781126458973,4.8427195808990176,0.00985732970786122,-0.0033979344156899478,0.0,447.883024663251,450.30968600155285,449.7021487448837,449.48006872947286
2.1600000000000015,-0.9922582617065056,0.7710412616859188,15.54511469499596,0.07803092595202976,0.060379304200384176,0.0,-1.219321717494277,1.073860758881371,4.8161997986448934,0.013972036815407032,-0.016645068669703177,0.0,421.13701702900727,419.9895445792972,420.0222724954691,420.3789128269905
2.2200000000000015,-1.066739095134477,0.8371177886733556,15.837681439829817,0.07863648529475764,0.06048155232285879,0.0,-1.2633213790735127,1.1287126803198122,4.935473406286308,0.0009125396074097522,0.024378806278584443,0.0,464.9824421278775,468.18563163931077,466.8339688814004,465.8135874534172
2.2800000000000016,-1.1438052356410424,0.9064061179762913,16.136295885151032,0.07922265256832883,0.06147830322293846,0.0,-1.3056679955078137,1.1808887903350178,5.017928982562624,0.023305061105938704,-0.007262682499766937,0.0,456.8237259914311,454.2932596654827,456.2923917266112,458.0767086323468
2.3400000000000016,-1.2233843667845534,0.9787826588930835,16.4391527295534,0.08074395533524026,0.060986725433887834,0.0,-1.3469226676069528,1.2317670698145193,5.076992373230568,0.02916805166001169,-0.010121681490944695,0.0,450.03112668951627,449.7997361880462,449.76738362957167,450.2421505652669
2.4000000000000017,-1.3055382650877088,1.0543810874691848,16.747286636568237,0.08240297092015503,0.06063473418132315,0.0,-1.3914731227455686,1.2882999297775206,5.193555838551032,0.024427902769065365,0.0015155781153759753,0.0,467.7137082767664,468.61939424721106,468.47706143134235,468.1084385481129
2.4600000000000017,-1.3900949778458382,1.1330375922278446,17.058003624492642,0.08357908497394817,0.06090449157304523,0.0,-1.4271213538624894,1.3336893032101542,5.163771446105495,0.007587403225900702,0.009874715122672944,0.0,423.0697373290353,423.7889131856199,423.73557439022625,422.2851143613526
2.520000000000002,-1.4768346372837662,1.2144788737465027,17.36750345589059,0.08373401920196777,0.06120938264323428,0.0,-1.464257792034818,1.381032687489933,5.152902660715231,-0.010009171337289631,-0.006831185962111309,0.0,429.7186367315229,428.2998494141038,430.2518365756887,428.7591706724528
2.580000000000002,-1.5659927387982995,1.2990094100761416,17.679358411263653,0.08379648481619295,0.060827509578111005,0.0,-1.5076301396364686,1.4365750244677746,5.241823023595521,0.017043782812457924,-0.005447206273840946,0.0,460.31757750059296,460.4272069879529,460.1520331697341,462.2889833615164
2.640000000000002,-1.6576161866272483,1.3866918221905555,17.994366249160116,0.08500768950528759,0.06052967259673281,0.0,-1.546468533661389,1.4862464727128375,5.258319906605728,0.02582900549134008,-0.004014494895754522,0.0,439.47685522952503,439.59570117851223,438.21922675151774,438.9489948307372
2.700000000000002,-1.7515587470368301,1.477360291289184,18.310194149714423,0.08645842386280833,0.05974795886565687,0.0,-1.5849312452475122,1.536144844456063,5.269180174644755,0.020656138212072066,-0.04516909878407359,0.0,439.2551242113325,435.8281931615572,437.6891669662733,437.25845116346596
2.760000000000002,-1.8478599218723504,1.5711453197723984,18.627835288170964,0.08768741217281306,0.056742462780488445,0.0,-1.6248507297537744,1.5900997663018657,5.31860707380674,0.020134905414633628,-0.062409374545758414,0.0,450.1171726686194,448.71791495625024,450.4591432675295,450.41695838904195
2.820000000000002,-1.9464912562112764,1.668174529783731,18.948277674792692,0.09000356491304551,0.05257736577446881,0.0,-1.6625116557165331,1.64434924650216,5.362582585758085,0.061365670387950225,-0.08957690427694154,0.0,449.84863679618496,447.6390029548679,447.0482997813244,450.39653047963463
2.880000000000002,-2.0472218639091544,1.7683629223472377,19.26977634295825,0.09347302417123338,0.047588531736937334,0.0,-1.6947657343654197,1.6955617376078957,5.354061778835032,0.04958920434087229,-0.07267570559976722,0.0,431.23935968828454,432.6589193404347,433.4053898858558,432.4166676144802
2.940000000000002,-2.149716425701691,1.8714913655462557,19.588769610751935,0.09619712216510123,0.043261686541463895,0.0,-1.7214349658696337,1.7422874173726726,5.279389602305768,0.035336640314102,-0.07101445940718655,0.0,409.66254636235647,409.80577120211774,411.4074143830091,410.14461896759394
3.000000000000002,-2.2540947713215944,1.9782404287844852,19.911339941474395,0.09779443612925132,0.03879326511045189,0.0,-1.757328542057319,1.8161322750344817,5.472007175755029,-0.003145977843026849,-0.08248409930487666,0.0,493.0429939106054,492.19095008431844,494.724737250495,491.8827679913367
3.0600000000000023,-2.3604310924012237,2.0892011080746076,20.24300518907827,0.09718222446945468,0.03361913513843717,0.0,-1.7867034440810656,1.8824410355233947,5.582981020126839,-0.030598992878593273,-0.09504810393573206,0.0,471.40055601158326,470.42276674125685,471.949042872645,469.82505930045926
3.1200000000000023,-2.4683924930804375,2.2040162572993043,20.580319917212147,0.09507203815630039,0.028566558080353133,0.0,-1.8115055928552448,1.9444685163775979,5.660514167518052,-0.04638586845548317,-0.06844310136629468,0.0,460.9175287730039,463.009893735047,462.2771472922479,461.0307244693104
3.1800000000000024,-2.577749916834311,2.322492061217678,20.922209241522683,0.09205211193498108,0.024021905077006522,0.0,-1.83334204782323,2.004369018075212,5.735480919746525,-0.05969824674302286,-0.09725050652305654,0.0,462.3525217384844,460.07220719760437,462.70306175754934,461.65210035658305
3.2400000000000024,-2.6881588128484535,2.44382348422383,21.26132347852056,0.08853062367416786,0.018179816459308995,0.0,-1.846643353745934,2.0398308102961247,5.569268810659675,-0.05675115621156535,-0.0976042759759393,0.0,382.33962526525715,382.29610884415746,381.129239364561,381.4078505535323
3.3000000000000025,-2.799435430463872,2.5679307093012036,21.59842204110085,0.08480582263727765,0.012564058988089322,0.0,-1.8620193836139394,2.0966369892638697,5.666956671005213,-0.0757351238173707,-0.08659481777179025,0.0,466.7311624259561,467.5827666363138,468.110584188253,466.62801846819184
3.3600000000000025,-2.911496934059705,2.6951376920199963,21.93878491824742,0.08082342888450089,0.007359303249920401,0.0,-1.8729304659181454,2.143175909403732,5.678517340927456,-0.05225265836873494,-0.08704966955728523,0.0,441.60281699044015,441.5590170869398,440.22061142592514,442.15628164216395
3.4200000000000026,-3.0241122173694612,2.8248971927293893,22.27781621608206,0.0772380189236328,0.0024491108876780743,0.0,-1.8805423151367706,2.1818668039787337,5.6228954593261955,-0.08225915624927353,-0.07304962669604496,0.0,418.4854962659058,419.6966464158125,420.8986497027683,418.2899733774511
3.4800000000000026,-3.137114484354752,2.956975362044123,22.614414567433297,0.07257226408260564,6.281151759944887,0.0,-1.885853229701496,2.220306634847544,5.597282376120202,-0.07002221716477584,-0.0782576921388159,0.0,428.9982352687533,428.5510852148465,427.64654392904816,428.68269731561907
3.5400000000000027,-3.250367718705728,3.0911684873516485,22.948019760007387,0.06803761368838135,6.276633917032115,0.0,-1.888924000905904,2.2524528458879023,5.523356670528208,-0.09000915529592783,-0.06995450999916386,0.0,412.48043572510244,413.20825078973576,411.6331330284655,409.8549947485838
3.6000000000000028,-3.3637049810814204,3.2275365993791305,23.28209604557406,0.06225044127492563,6.272445309781464,0.0,-1.8885850953851944,2.292520269686069,5.6121950227564765,-0.11420740281237805,-0.06952304501559226,0.0,463.1259844522751,463.1564335349434,463.96967071223713,462.0577230835753
3.660000000000003,-3.4768989935812384,3.366394202957064,23.62510089829029,0.055275754204694216,6.268215263982526,0.0,-1.884081601939779,2.335137509593787,5.820389542850853,-0.12066279284857703,-0.07253052037608289,0.0,498.75094574173136,498.5280004002661,498.73714986859846,498.254849812744
3.720000000000003,-3.589805495753566,3.5073512093269246,23.975457321935664,0.04840258915870255,6.263555131473042,0.0,-1.8790716199179893,2.362716675413245,5.858103560021545,-0.10451549582726251,-0.09068472625086935,0.0,450.6313286986222,449.1562671891068,449.2085182563504,450.50457442241844
3.780000000000003,-3.702386145023034,3.649683092830384,24.325061312797224,0.04184848490843329,6.257942037867675,0.0,-1.8731970406001253,2.38115125548079,5.7958204100957795,-0.12090220869779689,-0.10000440192841648,0.0,417.8530665357101,417.03155448116087,418.51011881439644,417.06950111480654
3.840000000000003,-3.814486060567924,3.7930697411006746,24.672542011859825,0.03458365263862451,6.252240118611802,0.0,-1.8629796484015433,2.3977347700912826,5.787061274909355,-0.12143924631979454,-0.08659285140702874,0.0,434.11045812674894,435.2266148819819,433.8622649833523,433.80353413209156
3.900000000000003,-3.92574951077122,3.937451212061122,25.02360662164656,0.027373775196569916,6.24785012305947,0.0,-1.8453310243082897,2.4141451619516037,5.914574060458974,-0.11773229508851132,-0.054767027236256455,0.0,474.66689247588147,477.0992260860054,475.80605779097556,476.0778442457827
3.960000000000003,-4.0359066160856525,4.082625202714895,25.38123789938487,0.020564541789035218,6.244413261262551,0.0,-1.8262508265862831,2.424235166734967,6.006108113331016,-0.10612660908379971,-0.06285145351896158,0.0,466.05935246855967,465.4248213337218,466.2993522988409,467.19439415473994
4.020000000000002,-4.144995491073633,4.228186538978701,25.74061797392739,0.013795166263361303,6.240550877436455,0.0,-1.8097231934717237,2.427237481251339,5.973507962297675,-0.13161254412604162,-0.06760289344068855,0.0,428.13535075142306,427.7275865618505,429.2038167829501,427.0225042017865
4.080000000000001,-4.252817972586836,4.373861655510788,26.102889234927503,0.005849955900553816,6.236727581218499,0.0,-1.7839681446933664,2.4277073143152528,6.101652930379675,-0.13408457243613958,-0.05691440915726024,0.0,477.77958859683656,478.5912615908758,476.5128778607973,476.3089942131086
4.14,-4.359220862742631,4.519366104394185,26.468484601605365,6.281634303002985,6.23292029117869,0.0,-1.7624816627292874,2.4217520192299995,6.085058818546455,-0.10769866991282179,-0.08160989209479023,0.0,435.4662809119165,433.39183970894265,432.0882109102868,434.29269167971586
4.199999999999998,-4.464027585036007,4.664371127819574,26.837709018198236,6.2754997343315875,6.227756233542898,0.0,-1.7305724472652841,2.4110477661448226,6.221794715872794,-0.09311210127239529,-0.09693282996628724,0.0,481.0912004422285,479.9237662223613,480.01602918987385,481.1135569308503
4.259999999999997,-4.567012640934176,4.8086316382542575,27.211453056626933,6.270856377212279,6.22164765605331,0.0,-1.701736249989179,2.3971708778738012,6.236348827662235,-0.05689154398461037,-0.11397388391985103,0.0,446.1034151477036,444.7002956836461,442.5102108652773,445.4770869024618
4.319999999999996,-4.668202851114646,4.951989226015568,27.58530599199259,6.2669345218627655,6.214356160961291,0.0,-1.670670595620531,2.381102935764747,6.225545287114492,-0.09341075587339914,-0.1442404287934601,0.0,437.84081156771623,435.3005186582756,438.1721754361614,435.12112059166367
4.379999999999995,-4.767250719555951,5.094269770878994,27.96060459788938,6.26179206263954,6.20527162675668,0.0,-1.630106331506926,2.361058943116504,6.284181039666085,-0.07358567504819974,-0.1722685390305191,0.0,459.5344842009806,457.2852984736297,457.11213143455865,458.6835579704657
4.439999999999993,-4.863475295811552,5.2351911177693,28.342033455809943,6.257255206256556,6.194518087295117,0.0,-1.5763091852603142,2.335842436479471,6.429393134471555,-0.08001329670080307,-0.19912201604753577,0.0,485.12448047127117,483.0746196892951,485.12504792671655,484.6380931749704
4.499999999999992,-4.956401061877432,5.374546736125493,28.73030457097902,6.252505272147744,6.182503818000988,0.0,-1.520071627189974,2.3088735611126237,6.51258283010014,-0.07752280742453374,-0.2025643034221011,0.0,466.5842381600468,466.2781442676583,468.58200788314343,468.77095001043756
4.559999999999991,-5.046265463055465,5.512356949368135,29.118203044661083,6.2477677048674884,6.170382646820485,0.0,-1.4744645026999623,2.2844343305610204,6.417953422935398,-0.08199779802922531,-0.20095341479405204,0.0,411.6210182128945,411.7200178797379,411.0881483195797,410.68576857181097
4.6199999999999894,-5.133003679670562,5.648562875530358,29.502251971731237,6.24269213353354,6.158657865093362,0.0,-1.4158014150601563,2.2553425587748137,6.383894959314821,-0.09036232105558135,-0.1861698559109411,0.0,429.17903311517694,430.39331741975997,431.2878622670947,430.5744993447393
4.679999999999988,-5.215618549537946,5.782803665211329,29.88746640605966,6.237246971085764,6.147611659811982,0.0,-1.3369681149907198,2.218832640211724,6.456187114083192,-0.0915445675171401,-0.1802669973942681,0.0,463.64690752693986,464.0792155516104,463.4285354233254,463.329044477265
4.739999999999987,-5.293407678350449,5.914788462514959,30.276095823818626,6.23161125582917,6.13653456347769,0.0,-1.254985210896151,2.1801528639824737,6.49787231980749,-0.09917849167201141,-0.19515166754787078,0.0,455.71282675424794,454.4887846252094,455.2340204221569,454.6153491815253
4.799999999999986,-5.365775545520515,6.044244868983671,30.669108420701342,6.225362166934655,6.124855606631659,0.0,-1.1561296080269843,2.134469726630276,6.601910865475681,-0.11662392974025317,-0.19366455921343445,0.0,474.47898912278856,474.55882175787025,475.401128470952,474.0533723465732
4.859999999999984,-5.432164239230936,6.170900745513745,31.06710197722212,6.218733217041418,6.113383204002311,0.0,-1.0557295051257514,2.0867601023235913,6.664111883119497,-0.1004021767276347,-0.18670241009597166,0.0,463.1388576272752,463.65223413906784,462.4232112037815,463.6891413565896
4.919999999999983,-5.492018921662406,6.294463463772131,31.470413568038026,6.212315197801921,6.102609331471459,0.0,-0.9383509219574067,2.0314090247181396,6.77883341671296,-0.12521138594681813,-0.1681696541382147,0.0,480.0577703436308,481.43346870565335,480.26183850688795,478.3665237933965
4.979999999999982,-5.545517675957794,6.414925980216473,31.87560315458868,6.204472924746023,6.092568451654369,0.0,-0.8440327925020638,1.9833830804875805,6.727662180406484,-0.1449104538534612,-0.16575550280726917,0.0,428.9228134105251,429.09995231313314,430.7123578351285,429.0260432219212
5.0399999999999805,-5.592230823518646,6.531985237694182,32.282579495380325,6.19586505352202,6.082848295871276,0.0,-0.7121151576447642,1.9177547423602563,6.83741076602214,-0.1407221307812779,-0.15539976244851034,0.0,479.7523716995735,480.51525560370743,479.5285454525493,479.8291078800299
